C	M	F	I	L	V	W	Y	A	G	T	S	Q	N	E	D	H	R	K	P
0.	1.74	1.1400000000000001	1.43	1.1300000000000001	1.16	1.77	1.23	0.98	1.01	1.32	1.17	1.47	1.47	2.72	1.86	1.24	2.1	2.97	1.33
1.74	0.	0.72	0.67	0.55	0.48	1.01	0.84	0.51	1.07	1.22	1.29	1.1400000000000001	1.19	1.9100000000000001	1.81	1.27	1.68	2.25	0.8300000000000001
1.1400000000000001	0.72	0.	0.12	0.11	0.13	0.17	0.49	0.59	0.97	0.97	0.91	1.3800000000000001	1.	2.	1.94	1.58	1.71	1.82	0.43
1.43	0.67	0.12	0.	0.07	0.06	0.23	0.55	0.4	0.79	0.87	0.81	1.26	1.03	1.9000000000000001	1.83	1.6400000000000001	1.68	1.75	0.45
1.1300000000000001	0.55	0.11	0.07	0.	0.04	0.37	0.49	0.32	0.78	0.8200000000000001	0.8	1.2	0.98	1.71	1.6400000000000001	1.44	1.69	1.8800000000000001	0.45
1.16	0.48	0.13	0.06	0.04	0.	0.33	0.38	0.24	0.63	0.67	0.66	0.99	0.85	1.6600000000000001	1.53	1.24	1.44	1.67	0.37
1.77	1.01	0.17	0.23	0.37	0.33	0.	0.49	0.88	1.03	0.98	1.02	1.3900000000000001	1.03	1.93	1.96	2.02	1.81	1.9000000000000001	0.38
1.23	0.84	0.49	0.55	0.49	0.38	0.49	0.	0.39	0.37	0.2	0.26	0.33	0.19	0.67	0.62	0.55	0.73	1.06	0.18
0.98	0.51	0.59	0.4	0.32	0.24	0.88	0.39	0.	0.23	0.36	0.31	0.59	0.52	1.26	1.01	0.65	0.92	1.27	0.45
1.01	1.07	0.97	0.79	0.78	0.63	1.03	0.37	0.23	0.	0.13	0.15	0.33	0.27	1.	0.64	0.55	0.71	1.1300000000000001	0.44
1.32	1.22	0.97	0.87	0.8200000000000001	0.67	0.98	0.2	0.36	0.13	0.	0.12	0.2	0.16	0.58	0.38	0.42	0.6	0.97	0.35000000000000003
1.17	1.29	0.91	0.81	0.8	0.66	1.02	0.26	0.31	0.15	0.12	0.	0.34	0.11	0.8200000000000001	0.6	0.35000000000000003	0.42	0.55	0.41000000000000003
1.47	1.1400000000000001	1.3800000000000001	1.26	1.2	0.99	1.3900000000000001	0.33	0.59	0.33	0.2	0.34	0.	0.24	0.39	0.25	0.34	0.74	1.18	0.67
1.47	1.19	1.	1.03	0.98	0.85	1.03	0.19	0.52	0.27	0.16	0.11	0.24	0.	0.58	0.44	0.3	0.44	0.63	0.36
2.72	1.9100000000000001	2.	1.9000000000000001	1.71	1.6600000000000001	1.93	0.67	1.26	1.	0.58	0.8200000000000001	0.39	0.58	0.	0.13	0.98	1.6500000000000001	1.92	1.09
1.86	1.81	1.94	1.83	1.6400000000000001	1.53	1.96	0.62	1.01	0.64	0.38	0.6	0.25	0.44	0.13	0.	0.7000000000000001	1.31	1.71	0.91
1.24	1.27	1.58	1.6400000000000001	1.44	1.24	2.02	0.55	0.65	0.55	0.42	0.35000000000000003	0.34	0.3	0.98	0.7000000000000001	0.	0.28	0.67	0.88
2.1	1.68	1.71	1.68	1.69	1.44	1.81	0.73	0.92	0.71	0.6	0.42	0.74	0.44	1.6500000000000001	1.31	0.28	0.	0.22	0.88
2.97	2.25	1.82	1.75	1.8800000000000001	1.67	1.9000000000000001	1.06	1.27	1.1300000000000001	0.97	0.55	1.18	0.63	1.92	1.71	0.67	0.22	0.	1.1500000000000001
1.33	0.8300000000000001	0.43	0.45	0.45	0.37	0.38	0.18	0.45	0.44	0.35000000000000003	0.41000000000000003	0.67	0.36	1.09	0.91	0.88	0.88	1.1500000000000001	0.